[Internal_1920_1080]
Key_1_1 = 1.38883302e+03
Key_1_2 = 0.0
Key_1_3 = 9.65219955e+02
Key_2_1 = 0.0
Key_2_2 = 1.38890942e+03
Key_2_3 = 5.35438011e+02
Key_3_1 = 0.0
Key_3_2 = 0.0
Key_3_3 = 1.0

[DistCoeffs_1920_1080]
K_1 = 0.17271973
K_2 = -0.55030916
K_3 = 0.54528592
p_1 = -0.00277537 
p_2 = -0.0007416

