[Internal_1920_1080]
Key_1_1 = 1.38296932e+03
Key_1_2 = 0.0
Key_1_3 = 9.69776014e+02
Key_2_1 = 0.0
Key_2_2 = 1.38286129e+03
Key_2_3 = 5.46448527e+02
Key_3_1 = 0.0
Key_3_2 = 0.0
Key_3_3 = 1.0

[DistCoeffs_1920_1080]
K_1 = 0.1997535
K_2 = -0.62025348
K_3 = 0.61946623
p_1 = -0.00174015 
p_2 = 0.00162577

