[External]
Key_1_1 = 0.018890287116290705
Key_1_2 = -0.9838718017663157
Key_1_3 = -0.17787477264010146
Key_1_4 = -0.0389341785784384
Key_2_1 = 0.9998100843289941
Key_2_2 = 0.01773624727993528
Key_2_3 = 0.008075939974699256
Key_2_4 = -0.03546149126512715
Key_3_1 = -0.004790858661456843
Key_3_2 = -0.1779935482581565
Key_3_3 = 0.9840199918963828
Key_3_4 = -0.14589769247404574

