[External]
Key_1_1 = 0.0162793
Key_1_2 = -0.98407682
Key_1_3 = 0.17649701
Key_1_4 = 0.04671697
Key_2_1 = 0.99970924
Key_2_2 = 0.01378384
Key_2_3 = -0.01526394
Key_2_4 = -0.02777651
Key_3_1 = 0.0125522
Key_3_2 = 0.1766992
Key_3_3 = 0.98414954
Key_3_4 = -0.00602138

[Internal_1920_1080]
Key_1_1 = 1.36983486e+03
Key_1_2 = 0.0
Key_1_3 = 9.64496762e+02
Key_2_1 = 0.0
Key_2_2 = 1.37012953e+03
Key_2_3 = 5.37330674e+02
Key_3_1 = 0.0
Key_3_2 = 0.0
Key_3_3 = 1.0

[DistCoeffs_1920_1080]
K_1 = 0.17200151
K_2 = -0.54196706
K_3 = 0.52519072
p_1 = -0.00239845 
p_2 = -0.00156515