[External]
Key_1_1 = 0.0162793
Key_1_2 = -0.98407682
Key_1_3 = 0.17649701
Key_1_4 = 0.04671697
Key_2_1 = 0.99970924
Key_2_2 = 0.01378384
Key_2_3 = -0.01526394
Key_2_4 = -0.02777651
Key_3_1 = 0.0125522
Key_3_2 = 0.1766992
Key_3_3 = 0.98414954
Key_3_4 = -0.00602138

[Internal]
Key_1_1 = 922.76806640625
Key_1_2 = 0.0
Key_1_3 = 649.007507924219
Key_2_1 = 0.0
Key_2_2 = 923.262023925781
Key_2_3 = 356.122222900391
Key_3_1 = 0.0
Key_3_2 = 0.0
Key_3_3 = 1.0

