[External]
Key_1_1 = -0.03521002579296906
Key_1_2 = -0.9824821304667606
Key_1_3 = -0.18300032075696993
Key_1_4 = -0.0440628111991728
Key_2_1 = 0.9993630493809209
Key_2_2 = -0.035678549056289977
Key_2_3 = -0.0007325771665389336
Key_2_4 = -0.031952298078433375
Key_3_1 = -0.005809441946131894
Key_3_2 = -0.1829095526503013
Key_3_3 = 0.9831125804980533
Key_3_4 = -0.13608132191975825

